46 1
116 1
173 1
238 1
251 1
17 1
118 1
140 1
209 1
270 1
54 1
137 1
236 1
355 1
362 1
99 1
138 1
285 1
13 1
328 1
104 1
168 1
185 1
193 1
142 1
114 1
162 1
379 1
187 1
22 1
197 1
69 1
40 1
57 2
246 2
310 2
312 2
56 2
95 2
179 2
327 2
358 2
216 2
219 2
346 2
361 2
176 2
359 2
194 2
60 2
322 2
2 2
313 2
188 2
86 3
34 3
115 3
132 3
290 3
318 3
165 3
220 3
78 3
189 3
139 3
119 3
300 3
87 3
105 3
183 3
269 3
354 3
150 3
43 3
107 4
196 4
201 4
230 4
53 4
80 4
353 4
174 4
333 4
352 4
135 4
211 4
141 4
133 4
85 4
357 4
112 4
309 4
239 5
38 5
232 5
341 5
127 5
163 5
58 5
146 5
243 5
229 5
117 5
12 5
235 5
380 5
44 5
19 6
299 6
319 6
97 6
3 6
161 6
274 6
337 6
111 6
381 6
303 6
37 7
42 7
348 7
159 7
8 7
124 7
263 7
108 7
207 7
231 7
382 7
102 8
369 8
154 8
297 8
148 8
52 8
175 8
195 8
257 8
113 8
218 9
171 9
306 9
325 9
144 9
350 9
64 9
9 9
1 9
156 9
344 10
205 10
224 10
74 10
106 10
11 10
27 10
41 10
343 10
351 10
134 10
317 10
186 10
368 11
365 11
366 11
364 11
367 11
376 11
373 12
339 12
28 12
184 12
281 12
100 12
23 12
61 12
158 12
170 12
265 12
347 13
49 13
149 13
66 13
294 13
50 13
264 13
157 13
167 13
63 13
55 14
192 14
45 14
70 14
122 14
147 14
254 14
226 14
14 14
260 14
375 15
33 15
75 15
155 15
227 15
258 15
283 15
10 15
377 16
248 16
267 16
82 16
289 16
24 16
177 16
29 16
360 16
15 16
67 16
47 17
152 17
296 17
326 17
160 17
212 17
199 17
130 18
256 18
276 18
320 18
302 18
79 18
16 18
203 18
292 18
282 18
151 18
62 18
250 19
286 19
329 19
77 19
84 19
101 19
266 19
121 20
308 20
228 20
245 20
262 20
172 20
110 20
65 20
234 21
295 21
345 21
4 21
91 21
76 22
208 22
331 22
35 22
166 22
7 22
81 22
323 22
96 23
261 23
279 23
244 23
273 23
181 23
182 23
5 23
129 24
370 24
202 24
210 24
25 24
143 24
278 24
259 24
200 24
272 24
332 24
214 25
90 25
128 25
268 25
288 25
30 25
94 25
26 25
252 26
68 26
32 26
349 26
59 26
98 26
225 26
338 26
363 27
109 27
36 27
330 27
206 27
324 27
271 27
92 28
242 28
255 28
334 28
6 28
73 28
233 29
237 29
131 29
153 29
191 30
298 30
311 30
164 30
51 30
89 30
204 30
198 30
335 30
21 31
71 31
178 31
123 31
39 31
253 32
180 32
305 32
145 32
31 32
125 33
340 33
213 33
221 34
223 34
287 34
321 34
342 34
88 34
247 35
222 35
190 35
93 35
301 36
307 36
120 36
103 36
72 37
371 37
240 37
126 38
275 38
217 38
277 38
169 39
280 39
304 39
48 40
249 40
291 40
356 41
83 41
20 42
293 42
18 43
136 44
215 45
241 46
284 47
314 48
315 49
316 50
336 51
372 52
374 53
378 54
383 55
384 56
385 57
